19,85,85,1/13,85,170,1 14,85,170,1/12,170,170,1 18,85,170,1/16,85,85,1
14,85,170,2/13,170,170,1 19,85,85,1/17,170,85,1/18,170,170,2 15,85,170,1/13,170,170/16,85,85,1 
12,85,170,1/18,170,170,1/15,255,170,2 19,85,85,2/17,170,85,1/13,170,170,1 14,85,170,2/13,170,170,2/15,255,170,1
10,170,170,1/13,85,170,1/16,85,85,1/19,170,85,1  14,170,170,2/12,85,170,2/18,85,85,1/16,170,85,1
18,170,170,2/15,85,170,2/12,85,255,2/14,340,170,2 19,85,85,2/8,170,85,1/14,170,170,2/13,170,85,2
9,85,170,1/18,170,170,1/15,255,170,2 19,85,85,2/17,170,85,1/13,170,170,1 14,85,170,2/13,170,170,2/15,255,170,1
2,170,170,1/13,85,170,1/16,85,85,1/19,170,85,1  14,170,170,2/12,85,170,2/18,85,85,1/16,170,85,1
3,170,170,2/15,85,170,2/12,85,255,2/14,340,170,2 19,85,85,2/8,170,85,1/14,170,170,2/13,170,85,2
15,85,170,1/10,170,170,1/15,255,170,2 19,85,85,2/17,170,85,1/13,170,170,1 14,85,170,2/13,170,170,2/15,255,170,1
16,170,170,1/13,85,170,1/16,85,85,1/19,170,85,1  14,170,170,2/12,85,170,2/18,85,85,1/16,170,85,1
14,170,170,2/15,85,170,2/12,85,255,2/14,340,170,2 19,85,85,2/8,170,85,1/14,170,170,2/13,170,85,2